84
3020
3802
3533
3714
1893
1406
467
3275
2714
4254
2902
3123
491
3305
3307
1972
3773
1801
1673
3252
3899
3749
2857
3175
856
796
114
679
2987
2722
2619
3292
3003
3649
1891
2989
3562
3997
4227
3546
4156
1102
3462
3286
4049
4234
3416
4034
2064
62
3036
833
2524
2945
1928
3466
3448
3554
881
3765
67
3134
2764
596
891
2412
1350
2400
4123
4287
2535
4055
3742
2395
4272
4291
4064
2600
2443
3885
1793
3417
3617
1473
3198
3968
3995
3248
834
2831
3789
2588
4293
2885
1146
3382
1127
4003
3576
840
4080
1597
1224
1003
4124
1675
2496
2441
2912
3854
2612
731
3573
3106
792
702
2761
3401
4217
3472
4236
4109
3060
1813
3613
1716
3780
3916
3339
2325
4194
1630
2451
3313
3225
553
2670
90
3560
3206
4112
3738
4134
2585
3535
187
3896
3259
1823
3972
1002
3367
3062
876
3582
1358
2961
206
3965
4043
3480
3180
2617
3723
1024
4159
2901
3926
4247
2602
3618
4137
4106
3872
2288
3066
484
2519
3921
3176
1705
4107
4274
3296
2035
4275
3249
3870
3009
600
4180
1148
1573
719
4131
999
3963
1373
3531
3190
609
3906
3865
3330
938
1546
4280
1200
2312
2241
3224
3662
2038
4264
1204
2819
3710
3687
1019
3905
3904
2478
2010
2927
2482
3668
3098
3750
2750
2708
3856
1280
2197
1072
3135
2804
1722
3611
4221
4098
2390
2968
4160
1140
2060
3504
3261
3482
3794
1735
4102
3476
2327
4147
2175
2379
2540
3434
1083
419
290
4006
2657
2226
2307
1203
4061
3512
2815
3086
2265
2247
3981
4262
3506
2466
2368
3850
3398
1835
1344
3057
3977
2842
1485
2455
985
1514
3526
3387
2470
4089
2254
1368
3394
3633
3987
4186
4041
1022
2574
3704
943
1570
3953
765
4263
1808
799
2667
305
4048
1025
3477
3674
2784
4243
3345
1916
3792
3787
3776
2791
3235
3309
2780
3475
2931
3425
2122
4250
1062
4128
3101
2998
4082
3720
1920
3878
900
3237
1512
2507
3812
2587
3039
3542
2925
1876
1286
4078
2333
3115
3958
2584
3236
2404
3922
2610
1121
2694
2802
2220
4185
3437
3324
4276
2224
3312
1998
4202
1415
2800
4022
2230
3022
2635
1563
2498
3108
3539
3496
3374
3460
2854
3516
3502
2767
2646
2840
2411
1477
3514
2948
3042
1039
2116
3308
4178
624
1490
1314
1236
3831
3495
2869
1659
3468
1312
4035
3948
2421
4150
3703
3389
3550
2078
2825
4257
3672
3909
2537
2686
2355
1651
2932
2306
2970
2994
3393
3522
3373
2578
3014
3325
3303
4163
3505
3220
3758
1212
4014
3785
281
2258
3913
1595
446
1316
3150
441
3055
4204
3772
4155
2189
1214
3203
4165
1244
710
2868
3556
3013
3563
2706
953
3033
945
2753
3669
3923
1041
2735
2174
1596
3470
4201
3090
2150
4063
3661
2941
3984
2877
3868
4096
2456
2153
723
3784
4021
1504
2962
3578
2065
3675
3933
1297
2721
3298
1299
4149
759
3102
3245
3974
3685
3493
2097
3745
4118
3044
2146
935
2582
4019
3218
1007
4094
3483
4012
165
4168
3310
3396
3076
2014
3682
3973
2053
2372
2736
1968
991
3549
2473
3641
1606
3598
2693
2040
3998
2746
325
3684
3070
2803
4246
3693
76
4237
1995
3821
2943
1783
3813
3740
3290
3844
2019
3938
1509
3358
2530
3509
1674
1781
3469
1650
3594
4174
3941
1908
2579
2135
2674
1671
4161
4209
3080
2936
3658
2389
3892
3903
2171
1913
3408
2727
2407
3451
3494
3839
423
3585
3002
874
4292
2711
712
1322
2041
1042
2522
2623
2180
2546
3730
3795
2129
1816
2618
1753
3116
2109
4071
2538
1036
1195
715
4051
3615
1918
1150
1484
3580
1556
2946
903
4002
2363
3246
2622
4139
4187
3946
2639
4259
2196
2492
2446
3156
864
1702
3174
3797
3262
2087
3584
3085
3054
3602
3234
2046
3929
3982
3944
2680
2653
3333
4258
1845
2598
965
1276
2724
2719
2091
2449
2759
3541
3713
2947
3384
3634
3960
4206
2495
3708
1328
3192
3473
1182
1529
2367
2613
3664
3352
2397
4017
3732
3299
3983
3368
3628
1367
2009
3781
3447
2866
1456
1334
1757
3775
4030
4212
822
1375
3059
1584
2560
4167
1925
3651
3399
3016
2013
1050
3726
3827
3221
4252
4215
3836
1427
2385
2580
3791
1372
3510
1476
1435
1829
2198
2406
4154
3692
2221
1726
4120
4042
2591
1232
2523
2558
3894
2756
3012
58
2359
4116
4184
3068
1023
2022
3341
3151
855
3077
3635
2984
2737
3817
3331
4248
605
1852
1272
3808
4152
2663
1752
4026
2601
499
2266
3838
1153
4031
1183
71
4108
2042
1921
1688
3597
1941
3257
1031
4233
3419
3665
1095
3402
1986
4145
2997
2860
4013
3133
2028
3799
1399
2990
3467
3064
3058
1790
3880
4153
3167
1441
3653
3575
2162
1866
2608
4266
1633
2413
1216
2086
4046
4270
3807
4171
2332
3318
3642
1660
3212
3673
4095
2437
2161
2752
3852
4008
658
4032
2176
3639
1833
4205
3219
547
3281
2978
1877
2240
2872
1727
3666
3092
3126
2847
1252
2874
2894
1632
2323
3979
3696
4083
1854
3764
2664
3798
3255
3614
2679
3423
4151
3796
4279
464
3964
3513
4281
3737
2016
2026
2705
1788
2557
4146
3370
1715
2771
2636
4208
2922
3508
2839
2120
225
3147
718
3369
3074
3041
2502
2077
4018
3047
794
3164
2880
3943
1940
4037
3689
4045
919
860
3702
3724
2781
3161
2681
2483
1994
3561
3931
3528
3365
1537
1105
2529
3709
1061
2192
2713
2514
3694
3955
3521
2959
2370
1205
3619
1951
2214
209
2500
4028
4129
2209
2841
3978
3265
3322
1536
3652
1846
3264
2577
3295
726
3874
3422
1142
3889
3667
2627
766
2049
2273
3136
4244
3140
3337
2665
2769
2696
3137
2777
3992
2897
3457
3488
3936
3790
4288
2172
4047
3769
3311
4286
3886
2980
2051
2130
1861
2204
1959
3455
2354
3429
2032
2576
25
4077
2942
375
3386
2572
1474
2000
3314
3818
3866
3004
3564
3881
2471
1321
1730
1103
1450
3166
3676
2393
3388
4271
4211
1762
2501
1664
4203
2733
3177
4127
3223
2043
4111
2654
2131
2795
1571
2865
3431
3907
2655
4039
3351
1642
3142
1943
3569
3604
2858
1811
2271
3018
2108
3361
4181
4121
3433
2142
3007
2703
2914
652
3362
714
1832
3733
3485
4229
951
3847
3238
4104
4214
1475
208
1580
4058
3241
3162
831
1678
4207
2749
3849
1938
2570
4007
3104
3842
4158
2892
1451
1199
3961
2550
3031
803
1923
4076
1558
3801
619
1955
2632
2870
2433
2668
2030
222
654
3621
3499
4091
814
3829
2450
3128
3407
3590
3828
3481
2799
3414
3654
4119
3524
2669
4249
2461
4056
105
1610
3498
3920
1405
1706
1034
1535
2726
1839
3846
4053
3117
3754
3547
883
3867
3729
3934
3404
660
2678
3260
2855
2494
4130
3763
3230
2111
1843
1210
4087
1231
3548
3612
2015
2426
4218
4062
2712
1384
3603
414
4273
3588
2532
380
2642
3591
3537
941
2544
3051
1500
3559
1246
3144
43
2155
1933
3985
1576
2938
2293
2774
2675
3656
3751
2757
3788
3748
2676
1202
2878
3285
2125
3444
2168
1585
87
2398
3996
1309
3999
3722
3201
877
2969
3400
1800
1645
391
1661
3130
3912
3474
3159
1989
2651
3153
1626
3719
112
3741
3063
4133
2928
2114
3100
4278
485
4126
3452
1848
2358
3199
3277
4117
3355
4242
3197
3304
3338
1449
3497
1712
3113
3527
2631
2659
3777
9
3517
2531
1615
2876
3697
4029
813
2427
2991
3415
3359
3810
1398
3366
1355
3279
2745
4164
4148
42
1470
808
3959
3427
1774
1298
940
3587
3302
3321
2536
3768
3629
3010
2937
3209
2539
2716
3529
3403
1668
2469
2504
2762
2512
2050
4074
334
3283
4294
3632
4050
1528
1760
3421
3822
2033
1157
2981
3887
2702
3655
2212
4066
4132
1143
3410
1865
3814
3091
4069
3637
3050
4240
4226
2844
1954
1818
3951
2629
4200
1885
4256
2419
1817
3759
1789
2630
3523
730
3705
4235
3572
340
1429
4004
3555
1159
3851
1567
3686
597
2430
3757
2313
3127
3761
3078
4157
4093
4222
3830
1337
4033
2457
1278
2320
2956
3695
374
2269
3845
4103
2782
2543
2410
3026
4088
4197
1359
3861
1392
3110
3853
3024
542
908
2731
2357
2362
3152
1060
2661
3677
960
3932
1488
3607
4196
3146
3806
3323
3631
2647
1459
3871
2834
2671
2479
2106
3500
3536
3301
3049
899
4122
3073
1132
4289
3511
3551
3949
2849
3378
3716
1649
2245
4176
1135
2351
3105
3344
3435
2907
3182
3736
3266
2923
3600
2207
3278
1220
3356
3900
827
2391
3420
2371
4232
2614
4220
1964
3515
739
2564
3833
1469
185
3605
4020
1794
793
1163
2772
1029
4067
298
3430
3643
2899
986
3300
3553
1942
878
45
1991
1448
3114
2186
2976
3558
1679
3426
2178
1782
897
345
4228
3967
3082
3032
2408
3463
2394
932
2200
4115
1501
3216
3898
3622
1138
3329
4216
3170
2957
3826
2658
3028
4027
1080
3125
3825
2768
4219
4245
3354
4265
3888
3752
1407
2695
1189
3606
2563
48
4238
933
1164
2073
1185
2940
1413
3520
694
390
4025
1078
3902
2541
1734
2983
4191
3037
4260
2916
1332
2828
3288
2083
3857
3986
4183
2263
2506
3895
1452
4075
2369
4169
4010
2154
3760
1613
942
2289
3927
2882
776
4241
2813
2324
1302
1070
3390
3762
3464
2934
3746
3823
1769
4173
4177
1047
3155
3274
845
3240
3319
3706
3608
2806
3272
2747
2382
3942
444
1853
2555
1687
3873
2810
4009
3647
3267
1581
3284
1911
3715
3671
2344
969
3335
571
1354
641
2723
3188
2730
859
445
2710
2356
4001
1830
2431
608
3774
3601
4261
4057
590
1775
4251
1947
3120
1701
2486
2707
2511
3089
4231
3273
2689
2863
4230
767
3456
1288
4192
4162
3678
3911
1016
2641
3103
2287
3581
3875
3610
3840
1809
2850
2225
4097
2832
3233
4081
2099
4023
2913
3196
3805
3479
3412
1577
4268
4073
3910
1257
1952
2177
2418
4141
1555
2688
1442
2284
3966
3771
2919
1020
2223
3954
2624
2895
567
672
3593
2837
3712
2924
3232
541
1323
2903
3200
3173
2566
1591
1290
356
2949
2633
904
3263
1539
3980
1623
2235
1681
3691
2422
2900
3001
1010
1524
4239
4255
1804
2319
1550
4199
3739
666
629
89
3099
2567
683
3924
2960
3636
3486
3297
3202
1030
2554
2871
3753
2597
809
2542
3121
2173
2435
3282
3217
2817
3908
3069
2191
4070
4285
791
4142
4125
1218
3409
4044
1144
3721
3717
3034
1713
2264
3141
3363
3962
2141
2424
3988
896
3226
825
931
3046
3247
4054
3841
2982
2605
4065
3816
2282
3917
3950
3171
3179
4138
2908
3143
3596
3991
1912
2374
3891
721
3616
4110
2345
4166
3820
4092
4005
2861
3543
2343
2595
3688
3975
2836
1765
1849
3783
3877
3728
3544
954
3577
4015
2138
1887
558
2856
3819
2829
2098
1814
1000
882
1588
2445
3882
2527
2975
2586
2383
2147
339
3163
3465
3458
971
3406
3395
1763
3707
3557
4195
3990
2096
4100
1390
4036
4198
3424
3145
4079
3567
1980
3855
4189
762
4225
1274
1587
4224
1440
4144
800
2814
3172
2603
1343
872
4135
2951
2164
3242
1770
2348
3269
3239
1394
3679
3484
1457
4024
4193
3638
3648
2645
2979
2233
2128
3650
1561
764
1725
2682
4038
2499
4114
3332
3809
3869
1841
1466
3534
3165
2972
4099
2031
3471
3015
2074
1958
1111
3442
3084
3994
1723
3897
3385
2700
1090
574
3937
3743
2917
4179
2561
3097
1482
1439
2143
1944
3779
3568
1271
3334
1764
3956
2373
1983
3782
3231
3876
3930
429
2434
2904
4269
2296
2606
4090
3095
3626
2551
3503
3397
2592
2743
3214
3357
2315
3824
4105
2848
2376
1812
1085
4172
2163
3744
1094
4267
3169
1275
3545
3989
2896
3919
3096
3289
207
2405
3270
2353
2093
3864
3350
2484
777
3445
3586
2905
1631
3320
1454
3747
4175
1779
2992
3185
1379
1198
2581
3112
3364
4223
3731
3957
3342
3088
1292
1521
2206
1666
1755
4085
1932
2846
2280
3379
2361
3800
3837
2044
3392
3336
3657
3935
1419
153
4052
538
697
2811
2107
3755
3501
3718
2472
2666
3053
3644
3446
2744
2253
2738
4084
2199
2729
2607
4086
3124
3843
4113
4190
3005
4284
724
3620
4000
4188
3883
1066
2594
3023
2824
3391
3011
1663
1756
4140
1393
3890
2789
3860
4016
3411
2906
1926
3138
2493
1136
4290
4011
4136
3969
4170
3893
3879
1985
2785
2137
3918
1179
3181
1655
2428
2432
221
3592
3884
1583
4213
198
1600
3372
3690
1929
871
532
2491
3778
2402
1421
3770
3945
2988
3067
3624
4511
4754
1335
4628
2191
4330
4647
2239
1493
208
4517
1091
4434
3579
4772
2336
436
4692
599
4717
1077
3293
2350
1658
856
4633
114
2722
174
4427
125
1526
4600
4817
2473
1184
653
4664
4730
4740
4667
4357
3659
3187
4705
4433
4637
4610
222
4318
2299
4748
4559
4488
990
1907
716
4388
4321
4739
1211
4756
489
4638
4343
1721
4377
3414
4765
4364
4691
4412
2803
1353
4381
4660
2443
2257
2965
1338
2941
4631
4812
1857
4441
4782
3846
4369
1223
1880
4735
660
4585
1357
761
4621
4745
4344
731
4780
3612
4525
4603
4763
4569
4562
1589
4355
384
4629
746
4814
780
3472
476
3330
4650
449
684
4502
4420
4799
4116
2528
742
2544
1801
4465
4519
4678
725
4530
1028
4345
4404
885
602
2203
2741
4590
4592
4642
4398
2425
4505
1284
4308
4309
1408
4405
1927
411
4370
4508
3487
1024
1654
4426
4657
1014
2092
738
432
2471
4489
1417
618
4684
2742
1989
4111
3816
4655
2534
1611
3625
3847
916
4662
4429
4316
4479
485
2232
826
448
3452
1523
1360
4588
1361
3404
4716
609
2709
207
3508
2256
4665
4510
4483
2556
4314
4460
3662
3517
4565
2687
2274
4366
4635
4581
4582
314
1131
4769
4354
4597
4694
1865
472
1253
2708
4512
4801
4393
355
1932
929
459
4391
4706
4221
2020
4389
1847
4752
128
1593
4700
2304
3403
749
1872
4577
4776
382
203
1477
920
686
3283
4792
4346
2775
1802
1124
3491
2516
4704
4515
179
3601
1114
787
587
1100
4491
4816
3655
2101
4544
4523
3380
426
4649
4439
201
4376
4547
4341
4349
306
4713
533
4455
4467
4712
1969
4476
4711
1871
2326
3793
4601
795
4807
4593
790
1304
3204
4709
4079
4737
4326
4413
4552
1951
3441
4549
1457
2076
546
4263
4281
3815
3686
3925
4418
4406
924
948
617
4348
2784
279
4509
418
4033
4795
4609
4417
3235
4339
4575
1363
1169
4788
2640
1364
3254
2715
4514
937
700
4612
4652
4422
4586
1875
4410
3321
4334
4689
1256
2967
2023
4478
4461
1685
1243
1318
4681
934
1046
2610
1287
1614
2834
4185
3863
4661
4695
1670
4571
4492
4310
4566
1683
4435
4767
4770
3022
1496
3551
4360
1646
4305
1008
4598
4686
2840
4731
4466
428
4613
4535
4401
4568
973
4794
1641
351
3600
4738
1356
4623
1380
3985
4320
4490
4295
2371
488
4323
2176
4746
4777
4632
739
4329
988
910
1724
4481
4599
2463
2970
4436
4462
3294
2812
3373
54
45
4719
1547
1590
4783
2766
4454
1262
4744
2796
3267
4507
281
2571
4703
535
1771
4805
168
4516
2643
861
2969
1501
2474
264
3921
1676
2598
3563
2321
320
2957
1625
2773
4539
4487
2347
2545
4615
4550
4627
4743
4815
1978
4573
3193
1578
4701
1395
4572
3606
4760
1460
4728
309
3104
2650
3654
603
997
4676
4579
4723
4527
2887
4301
2721
2278
4679
3685
4553
4784
115
4325
4503
2105
2718
3218
1528
3483
1432
4168
568
4407
1766
171
4338
3682
1769
3454
3706
2117
2747
4464
2217
4624
2300
4442
4306
4721
1886
4798
4437
4774
4009
4607
4300
4302
4561
4453
4715
2019
640
4497
2552
2723
4
4641
4431
1172
4332
4643
518
4469
4520
4640
4069
1889
3008
4396
4424
839
1775
2377
4251
4761
1592
4804
2480
995
1894
4430
4736
2160
4651
3208
4313
4333
2944
4672
994
4317
4634
2129
4506
2935
3072
1339
4734
4785
2604
4534
4470
2267
284
4468
1499
512
2622
2075
4727
870
4714
1577
4567
867
3346
4666
2341
4619
655
4312
457
4496
4532
3584
4580
481
4663
4810
4759
2387
3858
744
4347
1142
672
3944
2837
4749
1467
311
3243
4373
2924
4758
2157
4363
4452
4356
4683
4419
1396
223
4328
2566
4397
668
521
4680
1092
1126
3567
2893
4399
2827
1681
2252
4337
3352
4335
4587
2317
4803
2406
2438
4504
233
2761
519
408
4605
1384
1884
4304
372
4576
4674
3775
4673
4790
4707
1445
4524
4432
3492
980
2486
2096
582
4533
674
4611
857
4675
1050
4589
2988
275
4458
1587
2202
4682
520
4622
4114
4384
4411
4808
4658
349
4606
4385
4604
2683
4796
4319
4375
1152
3349
631
4778
4648
4687
1987
3128
4690
2169
2933
2115
4775
3635
296
34
4773
4806
4741
4786
4421
2205
4537
4766
4501
1566
4415
734
1296
3728
1240
4554
4697
4654
180
2468
79
3312
4459
1984
4710
371
2800
2066
4653
4383
2586
4358
295
891
2843
2147
704
4342
4485
2366
1407
3987
4438
4688
4626
4303
1742
4518
4656
1997
2265
4732
1273
3855
775
4614
4402
4636
3575
4771
1192
4144
770
671
1128
4482
4428
1216
4630
4340
4353
588
4670
4574
2465
4526
987
4463
4742
2216
2188
884
909
4386
2568
4484
658
4449
1313
3219
823
3192
3439
4372
1627
4768
1859
1270
4450
4722
4685
4477
4365
1949
2590
1424
118
3630
4414
2039
918
1111
2685
2664
4813
1158
1463
4529
4444
4513
1090
3477
4570
1878
4762
1936
625
930
4750
643
4451
4584
3499
2942
4699
4595
1071
4368
3231
3876
4359
2434
4725
4536
736
1486
4578
4456
4729
4472
4693
718
4374
1043
4475
4107
3615
4726
4447
4698
4747
2017
3360
4522
1285
1557
4367
3700
4425
1554
4495
4797
1895
3428
2104
1896
4395
4625
4591
511
3734
200
1905
4378
4352
369
2867
4733
4620
4521
3570
2102
539
4800
2620
4446
2184
3327
695
4030
4223
4382
4596
4702
4494
4528
1637
1840
4498
2037
4724
4753
4408
2547
3693
4085
3344
4802
2249
4639
462
4811
1517
4322
4440
4543
4646
3032
2520
304
697
2704
3755
4602
3667
4669
4809
3136
2311
4793
65
4564
4608
2246
2131
1315
783
4617
4331
2154
4787
4645
251
946
4563
1461
1362
944
2862
4545
4818
4327
4555
4255
3300
1861
791
1141
318
4423
1795
4751
698
4594
2213
4671
4016
4558
3043
4486
681
2460
1130
1520
4445
853
4659
4011
1768
1383
4755
4067
2785
3094
1828
442
4791
1869
1699
1506
4531
4538
4789
1196
1693
4644
3519
2953
4781
1217
1009
4480
1519
737
4556
1197
4720
4779
754
4551
1957
688
4618
333
4297
4696
4708
3017
10
1642
2189
4457
3067
4474
2503
56
4443
