1794
1444
1057
3693
2912
1699
3900
3602
2431
1998
2779
2542
3558
3077
1986
2611
4027
693
1544
3138
85
1012
3291
3985
298
3146
3684
567
944
3248
3041
2370
3638
2286
3850
115
937
3435
2666
3365
2393
3436
355
3551
2943
2609
3464
2797
3271
4020
1021
3828
1181
3486
4044
3827
2348
4078
1513
2360
1637
1251
2924
1853
1278
3071
45
3624
2423
2430
3133
3001
3346
3021
2536
3319
1555
534
2127
3743
3413
1411
1826
2831
1967
3206
3465
1459
3640
1952
712
3168
2512
2856
2068
1795
324
2878
1813
3433
3232
3720
1906
3880
3755
3758
3215
2561
3917
3068
821
3986
3538
3170
3635
2351
1029
281
1883
4039
2709
2830
1412
3006
686
2791
3213
3120
1082
2970
1980
482
3490
1049
3974
2522
2549
2314
3165
3396
2092
2927
3733
2926
2586
2567
2772
1480
2995
2324
1537
2256
886
3403
374
3242
1598
3742
3093
2658
791
2459
3374
2240
3598
2288
3849
2141
3608
2793
2334
2345
3689
3475
3384
4006
2642
4099
653
1687
221
3015
1045
2984
1548
2097
4059
2438
2916
3484
3008
1797
3753
3653
3740
3205
2735
3811
3819
3033
1010
2651
3604
4037
1876
2473
570
3579
2344
3550
753
3730
3441
3521
2465
2077
2774
3103
2675
2706
2203
4043
3393
4032
3404
2106
1778
3548
2490
1039
954
3440
3892
2969
2311
2500
2827
1851
390
1624
3236
3654
2388
3074
1363
3767
2963
2062
3540
890
1137
832
3727
3859
46
3681
4073
1547
3064
2635
3000
2853
1059
767
3793
1156
2808
4054
1726
3160
2491
3196
3660
3218
3588
3257
3059
3630
2996
2602
3576
2887
2858
2214
2237
1543
2755
4016
3028
847
2716
3665
1716
3759
3335
704
4047
1319
3675
3031
1688
3325
3687
3193
3034
1001
2789
3937
4024
2656
3699
538
3694
3378
3912
3790
992
3621
858
3910
1540
622
1668
3908
3929
1629
3851
1529
4014
1472
3542
2019
2859
3376
2760
2980
3132
2142
1318
2865
2421
3468
2679
68
3574
1262
709
2074
2895
2988
3487
2850
1084
3682
3136
2545
3680
788
1288
2610
3022
4055
2310
1114
1582
3173
3553
1297
2795
2596
2499
2681
3329
787
439
4002
3517
1837
918
1721
3697
3972
1409
2080
3903
3924
3770
3172
998
2729
3745
3889
1454
2541
2976
1341
1994
3481
2710
3971
2349
2051
894
4051
3622
1590
2367
1418
2482
1195
2840
2978
784
1333
3276
1252
77
3279
1673
2961
2863
1482
3882
2826
1845
2643
3613
3958
3228
3954
3612
1910
3327
2770
3137
3214
3392
1892
3304
2368
4012
2267
3273
3147
2003
1469
3970
3281
3628
3509
1814
3778
1559
3249
4008
3377
2600
3360
3227
3424
1601
3870
2060
4046
1577
90
3634
2867
3708
3373
2946
2908
1847
3605
2674
3474
3301
1945
3796
3941
3452
3429
1274
1187
2104
2637
3922
3942
2720
3175
2573
2820
1887
2130
2705
2061
3328
3005
705
3948
2594
2515
2258
1026
2125
1580
2517
2136
2968
3918
2171
3367
2307
3381
1006
3983
3226
2112
3459
3895
462
982
3688
4062
1763
3764
2552
3407
2448
3676
3804
3623
2293
3167
3229
2083
884
3425
1391
1727
952
2513
2771
3599
3489
2123
2394
2825
1378
2592
2800
2369
3310
3330
2232
3698
1177
1822
1976
3637
3844
3339
1902
2557
2082
3775
3756
1122
3295
3536
3362
3483
2696
1435
305
2957
4057
4077
2973
3570
3732
1123
2211
4049
3379
1106
2585
647
3731
2785
1695
617
421
3685
2953
1182
2270
1728
3246
2186
4061
3825
3066
3795
2420
1248
444
1997
2599
339
2474
2514
3800
1680
1141
2336
2416
919
2778
9
2625
3252
2977
4075
4090
2371
3011
3534
3144
2607
3082
3584
3726
3187
3097
3502
3294
2987
2847
3469
3707
3867
4003
2627
3582
3711
2343
3359
2880
3812
3532
3421
1681
3658
3984
2262
489
2014
3829
2652
2497
2387
3507
2315
2915
3437
2897
1041
2959
3857
4086
443
3498
3671
3936
2879
3645
2335
3885
3988
3667
3572
1918
3219
2087
2122
814
3020
3877
1692
3347
2905
2617
2432
3349
3287
4040
2301
3614
3854
2868
4030
3666
2251
3480
2686
3792
3356
3842
2994
1895
2664
3632
4083
3772
1127
2218
3426
2216
3400
1005
3864
3140
4013
3388
3104
3505
2577
2876
3254
989
926
3399
2590
2659
2571
2660
1724
730
1996
3275
3124
3340
2496
1985
2494
3945
3355
3296
3578
1886
2731
2415
1987
782
3544
2928
1370
3234
985
3865
1899
3891
3087
4025
3619
1803
3467
2429
1884
2967
3845
3458
3298
2435
3262
3207
2839
1940
1162
1439
1429
3260
1453
2508
1746
1630
3181
1672
3873
2340
3737
889
1135
3052
3391
3032
2105
2156
3263
3036
3069
1100
3162
3930
2640
2619
2828
1506
1268
2486
2565
1756
2773
3837
2983
3952
3153
3522
2518
4064
3115
3568
2275
2523
846
2736
3709
3198
3881
1633
3990
1069
2342
1717
3204
703
1421
3079
3552
3110
2636
3084
586
2952
3224
3896
2128
3176
1308
1791
4058
3573
549
2612
3225
1503
3785
3457
3806
3419
3818
863
1176
3309
796
3879
3839
4033
2439
1379
3657
3590
1518
2433
4074
2972
2190
1189
3580
3581
3073
3382
2903
2455
3405
3782
1751
2788
1142
3409
3117
2306
3264
2598
721
2885
2332
2665
1180
1275
2574
2792
3710
1809
1497
3361
2152
2356
2386
1643
3353
2537
612
3765
2846
3217
3293
4011
1441
2756
1051
3583
710
3518
3887
2210
2998
3586
2945
3926
220
925
1160
3445
3504
3741
1419
1442
3216
865
3023
2036
2044
2870
2398
1477
2835
3557
756
2748
2906
3560
4029
3416
4053
3461
3747
1313
3012
4056
3343
3255
2655
3119
3995
2308
3478
1767
537
4098
3555
3609
3938
2707
2173
2558
4081
3779
1613
1193
3843
3516
3311
208
592
3053
1365
3047
2893
3098
2476
3562
3973
3417
1969
3527
3672
766
3387
2925
1353
2554
2688
2634
1937
843
818
1197
4026
1117
1405
1073
1815
3863
3620
3472
1875
2543
3179
3561
3389
344
1111
2702
2548
1159
2862
868
1690
3533
974
1943
634
1739
3390
2818
3559
1785
2161
3969
3423
1329
2933
1371
3078
3807
1121
3639
2516
4071
2224
412
4067
3702
968
2911
1004
4065
3282
497
801
4097
3180
2503
442
1342
3520
3283
4009
2031
3158
3268
2931
2673
1074
1166
3491
3075
601
3696
3050
3961
3683
3463
2094
3043
1650
2291
3748
3833
3159
3781
1550
2228
3980
1551
2901
3904
1628
554
1328
3462
3721
3315
3669
2027
3251
4001
3431
3485
3886
3420
1377
3145
4072
4089
3040
3647
2066
2817
1424
2471
3397
1132
3868
3288
2535
905
2444
3139
672
3511
2690
3852
188
3809
2480
3017
3410
3830
3321
4070
1346
2763
3305
3100
2463
2564
3783
154
3905
2937
2738
3286
2765
1064
3802
3705
3503
2944
113
2139
2478
3412
3444
2406
4045
417
3649
4068
2408
3823
1734
3706
1264
2780
2300
1805
2148
3418
2861
2081
3402
3422
3784
2250
2923
2146
2177
3341
1011
3049
3476
1119
2875
1655
88
1878
2458
4028
3909
715
2815
3352
1115
2428
1304
1273
2891
4023
3898
3817
864
1492
3999
2650
3274
3749
1298
4093
2936
3313
3846
2613
209
1827
2403
1733
689
2894
3338
969
3523
3306
3883
2950
1201
869
3739
3899
4084
3824
1208
1427
2521
3722
3237
1222
1347
2533
3858
2662
3183
750
3801
2918
3668
3500
2768
3364
2363
1554
3244
3768
3501
2268
1792
3278
2538
2741
3890
3650
3231
3128
1752
1266
2124
2956
3259
3611
3334
3719
3076
1233
2266
2822
1909
2305
3541
2631
2198
4085
3897
3290
3757
3113
1691
3991
1775
3925
2296
2753
1934
3997
2749
1753
1948
3661
2758
3932
555
2350
1995
1531
3871
1894
2007
2761
2784
3386
3618
3515
2829
3177
4031
827
3430
2672
3814
2510
2653
2803
225
3007
3434
3123
3285
2805
800
4041
1898
1992
2540
3888
3199
1213
2794
3277
1644
3506
3606
1618
2322
2639
4048
1610
714
2167
2526
3556
3977
659
1742
1397
1422
3641
3188
2154
3099
3497
1880
3934
1982
2641
935
924
3303
1228
2231
2685
3735
923
3966
2527
2845
3847
1744
3488
3695
1801
1062
3923
2728
3949
3529
3057
2714
3950
665
3855
3243
3761
1771
2605
2208
543
3746
2005
1125
3939
3302
3524
3253
3965
3058
3803
3543
3987
3975
3780
4076
3752
3512
2328
3953
2842
3571
2896
1349
3777
2285
3959
3318
1504
3916
2318
3862
4042
3956
2724
2346
2529
1285
2582
4094
3617
3935
465
3495
3808
2180
2419
4005
1290
3907
3223
207
3143
2378
917
2382
3659
3471
3791
3872
2192
2563
3826
2939
651
3901
2475
2917
2359
2836
2126
2532
2159
2974
3042
3493
1496
3428
2698
2823
1647
645
3848
1081
1776
1745
2233
1939
2689
1964
2764
2676
389
2964
4010
755
1989
3348
3797
3734
3915
3072
2101
3878
2409
878
4000
3289
3744
3701
4092
859
2467
2098
166
820
1700
3577
3853
1772
1445
1020
3063
1175
2468
3091
2960
2606
4066
717
1949
2979
3051
3372
3725
3411
3799
1640
1420
4004
2172
929
3820
1897
3656
3135
3107
2990
1538
2364
3607
1656
3048
1564
1913
3297
2739
3810
3567
2276
2601
4019
3060
427
3009
3625
3704
2837
1017
2589
920
3769
3955
290
528
2088
3736
3201
3208
3195
3010
3044
3363
3519
563
2147
2170
3674
3962
3686
1410
3256
2588
3473
3083
3981
3960
3615
3664
3398
2743
3157
3968
3200
3314
3728
3723
379
3678
206
1593
1617
3951
2295
3714
3591
2633
3354
3715
3545
3065
3610
4069
1209
3451
3643
2965
986
1552
2299
2372
1954
3539
3933
3569
3030
3209
3724
3700
2312
3760
3535
1451
3831
2597
1970
2902
3993
26
3190
938
3197
3002
2782
2093
1468
1719
2699
1907
3642
3944
3884
2357
4018
2327
4096
2929
333
2199
2727
2059
3629
3118
3822
3163
3943
883
58
3594
3946
2904
3150
3345
3593
3738
3184
3600
2113
3940
3299
3913
3813
3455
1764
3027
2626
2799
3450
3840
2050
2553
2114
722
3836
1090
3754
2000
1172
3838
3771
1757
3996
2620
1729
2568
3385
2935
3874
3805
1720
4095
3967
2695
2645
3351
2890
2692
2121
3510
1015
2682
1968
1366
2028
809
1632
3947
3982
1597
3456
3182
2678
3633
2049
3992
2781
3024
2441
2168
2297
1220
4080
3651
2530
3860
1446
3677
4091
3380
3920
2584
2046
3134
1563
3284
2263
3101
3307
3832
870
3957
3861
3919
2410
3375
3046
3718
3927
1565
2595
2624
3129
2032
3976
3866
1926
1619
3679
2648
1808
1600
2752
3531
3875
3729
3979
2443
2667
2487
3358
3554
3258
4079
2986
3449
338
3914
4050
2824
3448
2149
1399
3317
3911
2004
3130
3453
3039
3921
3131
3280
1443
2185
1812
3035
4007
2338
2329
2547
2725
602
4015
3308
2999
3164
2479
1256
2898
2089
3247
3856
2209
2226
1389
2294
2392
3786
3447
3331
2849
3019
3171
2920
2766
3964
3989
483
2466
2436
2380
1963
3013
3122
3357
2118
1669
1779
4034
3585
3102
1292
1556
1310
2866
4021
3350
2052
3631
2801
2502
1984
3056
4052
3998
1648
3869
2040
2578
3978
3601
3202
4038
2437
1635
1574
2472
983
2948
4036
3750
927
3994
4035
3931
2992
4017
3161
3067
3648
3194
1179
2072
3774
1870
3834
1040
861
3646
3603
1922
3477
1250
2819
3186
3789
2331
1457
2854
3597
3155
106
2520
1973
851
2460
2309
3636
1489
2449
3655
1836
4063
2383
