target	0.8101472995090017	0.7568807339449541	0.782608695652174
opword	0.7478632478632479	0.78125	0.7641921397379913
target	0.8480138169257341	0.7507645259938838	0.7964314679643147
opword	0.8015037593984963	0.7931547619047619	0.7973074046372476
target	0.8288590604026845	0.7553516819571865	0.7904
opword	0.7641921397379913	0.78125	0.7726269315673289
target	0.8352745424292846	0.7675840978593272	0.8
opword	0.7549575070821529	0.7931547619047619	0.7735849056603773
target	0.8212025316455697	0.7935779816513762	0.807153965785381
opword	0.7514450867052023	0.7738095238095238	0.7624633431085044
target	0.8172920065252854	0.7660550458715596	0.7908445146014208
opword	0.8059701492537313	0.8035714285714286	0.8047690014903129
target	0.7939698492462312	0.7247706422018348	0.7577937649880095
opword	0.7042640990371389	0.7619047619047619	0.7319513938527519
target	0.8113207547169812	0.6574923547400612	0.7263513513513512
opword	0.8191681735985533	0.6741071428571429	0.7395918367346939
target	0.7853211009174312	0.654434250764526	0.7139282735613011
opword	0.6762295081967213	0.7366071428571429	0.7051282051282053
target	0.7949579831932773	0.7232415902140673	0.7574059247397918
opword	0.6421568627450981	0.7797619047619048	0.7043010752688171
target	0.806282722513089	0.7064220183486238	0.7530562347188264
opword	0.7146974063400576	0.7380952380952381	0.726207906295754
target	0.8181818181818182	0.7431192660550459	0.778846153846154
opword	0.7074542897327707	0.7485119047619048	0.727404193781634
