1877
1527
2456
1687
354
1547
1252
1292
233
2122
1078
1367
1470
2265
198
1573
2461
1594
1560
2407
439
1421
1664
1580
2549
2222
2487
688
1895
94
925
2591
2048
1010
1995
1499
2558
1782
571
1451
1595
1574
2083
2302
933
2454
1676
897
2289
1719
2597
2447
2607
1425
1659
926
400
2276
455
2220
2381
519
1795
2089
1596
853
1088
644
1355
2279
2242
2146
1195
903
1816
2425
2117
1102
1600
647
677
2579
2325
1458
1969
2373
2180
2160
1769
1511
2506
2552
2356
2108
1763
1427
2575
1369
2039
1771
1975
2611
1446
2184
1407
2553
2312
2505
347
2284
2044
754
1526
620
2595
2472
2509
280
1729
1298
2223
310
1578
1997
1350
2271
500
2327
1275
2112
2288
2563
292
1456
852
918
2281
2305
1651
1357
665
2576
1243
2335
2613
1254
1807
2252
2432
1550
501
2141
1453
297
2473
378
2562
712
539
1963
2077
207
363
2589
2150
2485
1660
2201
2561
983
1949
367
1920
1724
2233
2105
2491
1045
1430
1720
1727
1393
960
1728
2499
678
1939
916
900
2113
2278
2537
177
2080
1122
2102
2424
1320
2134
503
199
1255
687
2266
2418
1416
1490
2544
325
2126
2052
2626
1752
1817
1577
1032
629
2038
2600
1968
1912
2417
2170
1622
1899
1267
2207
1930
1341
1900
2336
1167
2169
2253
826
2338
2528
1645
324
2566
1979
1836
1890
990
1957
2066
1312
2564
2560
2465
1896
1047
2192
2296
2348
1259
2610
1136
991
1382
1591
1322
906
952
726
1354
1158
2337
2530
1072
2594
2442
2616
2133
1954
1567
1732
1855
2263
1794
2573
2164
1525
2517
2343
2010
1304
1715
1989
1251
2376
1130
1854
2034
1307
2202
1448
904
1249
227
2182
1961
2389
1071
2021
2210
721
399
2261
1801
2416
1947
2375
1177
2546
1970
1617
2144
2219
1755
2140
2152
1988
649
953
1990
868
1701
1792
1717
1882
2067
1784
945
872
1225
2269
1542
1253
1340
763
1744
1710
2395
2306
891
425
221
627
396
1465
1666
254
47
2588
1022
1380
1289
2234
2584
1740
2583
115
267
134
1395
2504
504
1892
2000
407
1593
1337
2132
2374
1345
2452
1788
1419
1495
1803
1908
1663
1274
51
2383
1310
433
2248
2042
538
1657
2056
1861
1017
1853
1891
1326
2614
2071
879
2006
1368
1468
857
2310
1941
1296
2621
2291
1621
2341
2127
1966
1143
881
2522
1804
1120
1690
2020
366
1384
1018
2479
1121
1872
1831
686
540
2156
2490
2236
2151
1006
1366
646
2290
2298
1260
1708
91
1706
1343
2357
2237
1051
1767
2467
2599
2557
1460
977
1007
2523
2476
1952
2250
1397
823
1762
1793
1695
1466
2060
2587
1718
2541
2344
278
1964
1334
2053
1250
418
2586
1439
1619
1338
1391
2598
1776
1772
1521
1444
2216
1768
2259
863
454
490
2135
2548
1586
1291
2361
159
2427
1506
2384
345
2619
234
2399
2014
1210
2142
2293
1932
2615
1726
733
1373
2162
1850
2272
2492
1058
837
553
2121
1585
2079
2118
800
1667
1328
986
1215
1142
2005
985
1309
2371
1923
2154
1962
1886
1866
1440
992
2463
1428
1581
1991
2057
955
2315
1534
408
2268
1035
1749
1847
2350
1722
2274
2406
1257
1089
2385
664
2620
2508
2059
2596
786
1140
2016
2101
2300
2574
2109
1523
1589
1473
2451
1491
1812
2196
2531
684
2440
1904
118
850
2051
2439
1094
1537
957
2570
1141
846
2075
1163
498
1316
1683
1910
485
1280
973
1106
1392
512
1852
612
1349
1926
2423
976
856
1747
236
2410
1029
1441
2299
2471
2018
2345
466
1401
1413
658
1933
1839
1773
1030
2003
2438
1093
1992
1090
1982
365
1469
2116
2031
1156
270
2026
2367
1777
2419
358
2402
840
2143
1832
1503
787
1434
1471
1810
1576
1631
910
1061
912
2165
2412
2340
2475
2390
1733
1999
2420
2403
1661
2332
312
2185
2590
1562
2123
866
1152
1820
450
1685
1374
2550
506
1189
1671
2104
1363
1042
2273
1565
1898
1008
795
2043
432
1944
505
2157
1869
243
2534
1905
1028
2110
1653
962
2507
1914
740
1894
948
2488
2334
1978
1838
1993
1285
2309
1157
2012
2449
1693
1480
2516
1950
843
968
2171
1845
2086
1423
778
804
836
1974
974
928
2249
838
1610
1607
2304
2551
1935
2545
1494
494
619
2474
1115
1647
2441
1572
1191
1696
2095
1884
1590
1826
1376
975
1543
2069
640
2159
2415
1475
2377
2569
2392
97
95
2125
964
1039
443
2168
2624
1917
1060
832
169
1109
1598
286
37
2459
2319
1198
2232
1411
2396
2533
2321
1504
334
1561
859
1359
1207
1509
1681
2029
2094
2368
2394
2408
1587
2107
1569
1024
1432
2593
1618
2443
1239
672
6
2313
1632
1857
1620
2437
2555
2542
2500
2046
2036
2211
427
1833
927
2096
1133
1203
806
1505
2256
328
1959
1948
2262
1775
1625
463
1846
1756
1276
622
2027
2578
720
2462
1064
1052
2393
2129
1780
2627
894
2612
2098
1272
2106
1535
1002
1958
1599
2063
1735
419
602
1911
604
1876
1597
1616
756
1040
1987
2556
1270
1317
2513
1823
2251
1765
1404
2264
2355
1362
2070
1365
2433
1672
117
1174
2603
1226
1528
1501
1394
1716
1426
2484
316
1754
1546
522
1893
2602
796
555
2047
3
792
1303
1335
1332
1258
2446
2539
28
1021
2200
1712
2167
777
2526
2372
656
502
2212
666
989
2195
2174
780
2364
1282
2172
1994
2331
350
898
2193
737
1937
1778
2225
1745
2240
2254
2559
160
2055
909
2592
2022
1012
1960
1484
830
2175
1867
648
2518
1976
1996
520
1849
2482
1834
2124
2217
2308
919
1757
1442
311
1112
2617
2378
661
210
1641
1410
1579
2351
1563
2173
2453
1437
1173
144
537
2011
1824
1883
1383
1583
831
338
1800
2058
355
2567
1405
265
1623
2460
2025
2111
2023
2280
2286
1871
2521
1261
264
1417
1705
2115
1592
303
1449
2099
1459
674
675
2352
1548
1702
2527
1378
1881
2224
2221
2623
1967
574
2353
351
2147
1128
1860
1390
1264
1830
874
825
1139
1445
1674
663
884
1294
1069
548
1462
2431
2450
2001
2413
1874
2041
1329
1375
1887
908
2199
2328
2136
2008
2524
1398
1723
1865
1603
2085
2163
406
321
2307
499
116
824
1364
1734
1606
2045
770
2618
1924
762
2004
1799
2218
2179
2161
1464
550
2282
679
1575
2405
48
437
2138
1351
1699
774
2540
1377
392
842
2049
2609
1200
2230
2422
452
2565
511
2430
2137
2436
2497
2525
1938
2363
1516
2013
2188
2481
849
1929
1062
2529
2554
996
1531
2347
924
1864
2333
2065
1670
886
1837
2178
2103
1703
346
2606
2303
1168
2577
988
1218
1951
1176
1646
2582
2369
2181
1813
1736
1050
1015
332
1700
1901
1759
2458
2502
1244
1903
2183
2092
2267
2145
2024
2061
1402
2032
1675
598
1770
1953
1283
1753
1956
2536
2153
1611
1658
459
2247
2166
1246
2398
1268
2519
1649
287
2239
2287
1059
613
2231
1146
2601
1223
861
1656
315
1842
1003
1851
993
2301
1889
296
532
2235
2387
1825
2493
606
541
1985
2258
1221
1178
632
2155
2019
2342
2064
2401
1256
2444
2469
1483
491
1626
1150
2466
1487
1327
1079
889
330
352
959
1092
2194
1199
813
1085
920
2414
2400
2480
2295
1101
2608
2349
855
2445
2214
1068
1387
1190
942
1474
2241
1738
241
1132
1479
1431
1216
1818
958
1955
1485
1916
1107
1678
998
2090
692
2543
1652
2190
2128
114
1496
1707
1159
2538
2322
1841
2228
2434
2257
951
2091
603
1751
1011
2520
2380
1878
1821
1915
1704
2580
2498
2494
1228
1031
807
858
374
1408
1922
143
341
1897
547
1385
2260
2366
1746
1412
484
1545
2468
1472
369
413
1925
1488
2495
2245
1539
1822
1739
2370
2581
2503
2478
1222
2547
1278
329
1493
2177
794
1290
1945
1447
526
2084
2382
650
174
2119
2097
2243
1689
2062
972
2186
559
844
456
1467
1940
1742
1066
2326
967
1248
2270
1688
2120
2510
2515
52
1151
2448
2604
2585
2189
841
2572
1126
1709
1605
2511
1983
2114
1934
1358
2035
2429
1787
1972
2397
1764
2316
1116
2072
1536
411
2486
430
1981
1520
705
1379
2411
1798
384
2568
1321
882
1829
1461
2283
2359
1299
1435
2489
2426
2191
2464
2404
2605
2311
1931
854
2625
2622
766
93
1761
1370
2297
319
1588
2317
2571
1331
2054
1297
2421
2512
2483
1750
260
1665
2275
2040
1319
1697
2496
1555
1943
1928
1630
1644
2323
2028
600
2470
2477
2346
2501
950
2074
934
1806
35
1273
1642
2391
1262
1229
1027
569
1361
