3057
3649
988
1023
3170
3071
4454
3621
2199
2591
3323
2042
3056
938
4274
3269
3988
2525
3550
3068
3266
4195
3586
3892
4440
3931
2514
1593
3878
4506
1548
2850
2707
4054
3350
3814
793
284
4336
4065
3961
3088
2413
2920
3251
3146
4269
4229
1831
3247
2767
3202
4116
59
2090
4469
1692
2210
30
2289
4129
975
1179
4458
3616
3530
4370
1536
3426
1097
2618
3487
911
1662
3017
4003
3098
4010
3319
2077
2331
4057
2146
3252
4457
3215
2720
3672
3429
456
2460
953
4421
1875
2974
4092
1413
3197
1451
4245
3683
3395
4513
1622
1439
4257
4025
4520
3603
4039
2320
2968
4206
740
4302
3249
3268
3681
4079
4390
4106
995
3805
3503
353
2086
3421
3779
3555
993
4146
2662
2651
1574
3609
3222
4297
3378
706
42
3359
2078
2418
685
3806
4196
3428
815
3607
2108
3564
1967
2788
2387
4535
4504
3073
2445
2219
2830
1879
2214
2719
3956
4037
2099
4204
3725
4523
4191
3686
3970
2880
247
3282
2906
1462
2087
4077
3194
4147
2683
4184
4114
4541
3539
2958
4330
3947
3598
758
3890
2894
1107
3736
1862
3969
3165
3278
2799
3524
1673
4186
4160
2325
3143
3505
4259
2576
4203
4108
3871
1744
849
3966
194
3930
2627
972
3240
844
3678
600
771
4559
1484
2952
2257
3431
3040
2501
3333
2259
3284
4378
2185
2661
4452
1890
3588
3181
548
3025
3050
2159
3398
4080
1999
3438
1364
2630
3819
3412
2886
3902
2186
3927
2116
2718
1314
2344
4153
3916
3159
2059
2564
2907
3430
664
3883
1029
3718
2153
4495
2892
4251
4351
4512
1912
2132
932
1657
3304
3369
3962
4538
4107
2488
4486
1804
3236
3862
3077
691
2650
2085
4562
1277
2608
3727
4391
4435
4154
3974
2021
4266
573
930
2874
4105
1402
3147
2635
3650
2109
1269
3593
4366
1632
3150
901
1464
804
1841
4502
2582
1696
1238
4426
4445
1762
1639
4329
2481
1596
4031
321
4183
3212
3464
2756
4532
3664
3611
704
3898
2375
3285
3526
3735
3882
2715
2556
1035
3715
2496
1117
2686
4462
3894
3675
3280
2162
4056
4517
2961
4033
2659
2229
509
3352
3873
2572
3772
3134
3780
3955
3792
445
3121
2333
3277
3413
3485
4197
4544
2852
4528
2307
2821
1767
2414
4286
3594
2253
1930
1281
4133
4226
4496
3078
4293
3625
2975
4434
2463
2053
3476
1308
3123
2846
2348
1499
3152
4350
3716
4359
997
4314
2921
3879
622
3495
2845
3844
2883
842
2261
3976
3552
1594
4408
3075
2634
4115
3852
4521
2689
4533
4401
3872
3339
3225
3836
4098
3461
2833
1645
1718
556
3382
2410
1747
2733
2467
2761
2487
3567
3713
4324
3384
4305
2044
2129
986
4356
4032
4023
4050
2117
3943
1383
4471
3562
1042
4484
2664
1724
3402
3812
4301
4427
3189
1039
1715
3151
1685
3753
4034
1275
4258
3174
3777
4436
2653
3729
3537
3926
3809
924
2164
1782
3739
4280
2803
4198
1768
3997
4263
1407
1551
1295
3324
2669
4119
1958
4049
3491
2571
3965
3803
3067
3536
4097
1995
3349
2267
2282
4150
4363
1020
4061
3695
955
470
4477
1850
4102
2434
3403
2041
4449
4516
3549
2203
124
3691
2919
3417
3710
2939
949
3645
3365
3704
978
3595
3581
2670
2037
4548
43
3653
1982
2439
1642
764
3615
3230
3750
2377
3326
3584
4047
1244
1603
979
976
1206
2157
3390
3149
3719
1957
4416
3383
2345
907
4558
2793
3082
4217
2209
3652
3547
1506
2178
2869
3449
2612
2795
910
3765
2552
671
1497
2831
1900
2479
3893
3042
4134
3469
2955
1284
904
4494
2493
3815
1808
3371
3797
3010
4044
2843
3148
2277
2286
2581
1456
4001
2008
1266
1887
4295
1031
3761
3437
404
4428
834
880
2398
3002
3483
693
2385
4309
2207
797
4419
669
3786
1329
2734
4422
4170
2751
4470
3630
2870
3589
34
3690
1521
3166
3482
1954
1468
4166
3825
4109
1871
1216
3991
2070
3070
2541
3510
3660
2887
4409
1604
4227
2792
1897
1868
2948
598
4279
3177
3012
4064
2760
2538
3468
3368
670
2855
3782
3953
3900
631
118
1422
4556
3618
3723
3087
1813
3119
1785
3985
568
3347
4213
3864
3006
4487
488
3986
3380
3041
2772
1415
2539
1840
1832
2814
1489
3434
913
3989
3517
1670
3279
2327
3342
2820
4318
3126
2197
4020
3422
3245
4140
1896
4362
2554
3619
2753
2271
4488
4474
4364
4246
2038
3800
4273
1638
746
4554
4120
1889
2276
1441
3479
4125
1321
1433
2895
2002
4552
3566
3830
4522
541
3754
4423
2142
32
4565
824
2626
2287
3460
896
187
3919
3533
2402
2101
1989
1983
4303
3877
883
1719
4518
3379
4164
3188
2995
2625
789
2584
3998
4511
3569
2904
3315
3004
3623
240
741
4491
2857
4193
4143
3425
4162
1925
3857
3331
3905
2374
3520
3821
4384
2839
2737
820
2695
3942
2700
3914
4415
1924
1725
4175
3788
2366
574
3626
1552
3899
4048
4292
3975
2114
1510
2368
2339
3640
1270
3901
3614
3363
2956
3837
4543
4373
2299
2471
3698
2337
2394
3313
1572
2424
484
3317
466
4190
2154
755
2530
3835
1271
3554
923
3746
4283
4176
1836
3471
4268
3394
3499
2437
3563
1821
3853
4439
1016
88
2352
4537
3101
4189
3423
2806
2027
3370
3452
1787
1426
2054
2112
1730
1860
4407
3796
3941
4035
3641
3276
4096
3287
3912
4157
1628
3859
3957
749
3907
931
4008
2297
1133
3132
4159
2836
4464
4238
4413
3238
1067
4076
4287
722
4304
4499
4465
4503
3401
1764
3651
1933
2950
1614
2854
2401
2524
1577
2293
3467
1230
3828
2204
3876
3156
4155
3256
3107
2429
4066
3375
3935
3759
3201
531
3636
3980
3029
2937
4508
2452
1025
2120
3979
2868
2666
4202
4036
4228
3351
2762
3023
3416
4169
3946
3340
3631
736
4550
3583
4400
2181
2717
4489
2443
3995
454
3778
2558
1513
4475
3459
3978
3667
4466
1460
3043
4277
1398
4201
2759
1714
3475
1828
4221
3740
3620
4531
4272
621
2817
2296
2171
3733
1155
2495
4459
2575
3741
2861
1553
1650
4209
3699
3242
3097
3405
2256
4014
2825
2663
4461
2420
2933
3015
4395
2560
4222
3546
2468
3987
2400
1903
3175
1564
2399
1582
1966
3613
3847
807
408
848
3445
1112
4411
4148
1779
4319
3420
1325
4242
2985
2832
3026
4367
3604
814
4214
3895
496
4564
1899
3111
2281
3688
4024
3904
1667
1500
4255
2396
3217
3760
825
3274
3508
2690
1294
4515
3732
2908
3769
4081
4167
3441
2742
418
2425
2735
4249
3509
4406
3480
3544
3993
2314
3606
2072
2342
942
2427
1169
570
3996
3367
2472
4381
1934
4500
1027
1457
4270
3076
4371
87
2671
4534
1285
3083
3005
3145
1653
3124
4051
3018
3139
2534
4144
1366
3944
3802
2748
3791
2565
4342
1703
4253
1919
2636
3206
878
1878
3917
1881
3446
3453
2148
4142
2094
1708
4055
2167
4313
3665
1461
916
1781
3731
3722
2796
1090
1286
3322
231
4399
1956
2448
331
2274
1774
3764
3767
4165
3182
3354
3000
4211
1128
1599
4089
4339
2657
698
1538
4225
2909
1309
430
1408
2911
2504
1757
3952
4161
2355
4299
4333
1969
2681
2764
3207
4124
4448
3801
3738
1343
3669
2563
3513
3253
4536
4091
1998
4441
3885
222
3707
3237
905
4215
3204
2865
2263
2619
1608
3810
1796
1694
3341
1322
3325
4093
1738
1290
1631
2138
4068
2807
3321
3783
4224
2879
3781
2916
4060
2551
2960
2160
4151
4355
2784
2533
2009
2677
4479
3565
1563
1827
614
1691
2668
3706
2568
380
4179
3046
3734
4122
4547
3144
2141
4447
3851
4420
4271
2169
4260
4073
2151
4250
3052
4289
2993
3925
501
3210
3913
3373
3572
4563
2639
1885
4288
3776
3670
4232
661
4210
2521
4507
3113
2927
1901
2781
3888
4510
3084
3842
1671
2196
1992
2687
4168
3751
3196
1063
2570
4379
2356
2863
3433
2835
3440
4540
790
3336
3932
2017
2503
4321
4094
4385
2509
1940
4230
2284
1283
2438
1752
3498
4498
1333
4053
4527
3062
2848
324
2174
1909
1759
3984
4337
3747
2644
3964
3220
4113
3597
1927
1386
1602
4244
2798
4063
4254
3994
3307
806
282
4177
3348
2175
3612
4525
1252
4472
3364
4005
2540
2295
3419
2528
482
4463
1523
4173
3545
1265
3687
3531
3696
3117
2557
4018
881
1490
3573
4315
2786
2016
2506
939
2346
2168
1113
3192
3624
3949
3447
3829
744
4308
2043
4188
4310
4365
3122
3654
2791
1141
4369
3983
2598
4529
3085
594
2135
4139
4432
618
4312
4482
3191
4311
167
2800
2486
4088
3884
1008
3494
4483
3386
3542
2676
4567
3183
126
3227
1312
3443
654
3448
615
2744
78
4013
4040
4546
3118
3295
4383
4561
3982
1292
4566
3749
3592
3977
3137
3314
1053
1525
3450
3127
2407
2136
133
1431
3936
3241
2319
1581
4568
2520
4083
3169
3948
1550
665
702
3587
2641
1427
4243
4019
2834
3728
3617
3470
2464
3265
2622
1626
2104
3033
3832
2063
2569
4430
4396
2819
3708
3714
3972
3676
2545
3496
1921
3928
3385
3682
3963
1017
4218
2574
1754
301
266
3120
2823
2638
2881
4438
4086
2684
3361
4300
2172
4549
3540
4349
1858
4103
2476
4220
1358
3868
1434
1853
3299
129
857
3644
2606
3577
202
1567
2607
3766
3692
2780
3795
1682
3854
3951
4501
4216
3559
2741
4121
3929
2477
1288
1861
3668
357
2973
1945
2785
4377
3774
3605
2628
3525
3808
2147
4247
2440
3685
1932
4137
3790
3260
4267
967
2046
4446
3785
3534
4030
3840
535
3254
3677
3399
4136
3627
515
3527
3703
1156
3789
3024
3218
3099
2544
4368
3389
3318
2482
3131
2674
2519
2616
4296
3590
366
2018
1531
1526
3937
4480
4132
3908
4145
4375
2350
752
2518
2988
3880
2450
2866
2265
2088
4192
4207
4234
4233
1360
2442
2269
2730
3114
4026
1915
3633
4429
4212
2789
2745
3404
1789
3658
503
2193
2912
4346
3302
1200
2220
3021
3296
3463
2711
3109
4325
2708
759
4481
3090
3570
3817
1544
434
906
4557
839
4490
2244
4095
3693
4404
3229
4171
4405
762
4526
1452
3055
1115
1495
4393
3575
3701
3484
2328
3799
1533
3897
3863
1873
368
2273
3561
3822
4467
3195
1917
751
4194
3158
3128
2878
3816
2706
2334
1891
2432
4072
1888
3396
2357
2949
3032
1033
3184
4117
1960
3105
3663
4398
233
547
1928
3258
4456
4334
1595
507
4485
4104
3112
1943
3179
2877
1030
4322
2864
1142
493
2694
4127
3999
4492
2680
2954
2637
3610
3954
3960
2341
2317
1665
4357
1370
770
4414
2685
4078
2884
3574
3381
3167
2891
2782
2947
3755
2777
4524
2658
3136
2124
1812
2629
3391
2977
3345
3990
1760
4560
1797
3239
1220
3432
3697
3335
2928
3400
1799
2254
3655
2500
2588
2765
2986
3442
864
2614
4059
58
4174
2198
4360
3155
3992
2302
2615
4450
1512
3813
3462
4223
3811
3820
2914
3173
3178
2640
4376
3103
3521
4180
4425
4442
2542
3180
703
1077
2029
3141
2280
3798
1612
4372
4345
3297
2941
3906
1656
1237
4455
4530
2632
4460
1636
3474
1041
2183
1300
4505
4328
3213
3058
3742
85
1024
1218
4317
4158
4285
4331
2885
2580
4156
1527
1976
4388
1772
4316
3763
3411
3918
4074
3451
3357
2208
3013
3967
1350
520
3228
3720
2176
2416
3934
4343
2180
1517
4298
3784
3301
3694
3689
4444
4290
4205
1282
3186
1007
4038
3303
3538
3160
3492
177
1421
3522
4029
2143
2699
4062
3172
3455
1856
3773
3281
2451
1698
2750
2585
2824
2349
4306
4555
3456
3568
2278
4126
4380
2213
2747
4248
2972
4011
2959
4352
4437
2392
3702
1880
964
4172
3424
2103
3870
3911
1341
526
4265
2301
3679
1302
4231
1837
2675
2930
805
2996
3578
4112
4307
1110
4131
3950
495
4241
3502
2177
476
1096
1301
3190
1870
4341
3305
2006
2899
3439
954
3867
4101
2397
3051
2430
2465
3560
4358
3270
4090
3283
1091
959
2867
3839
4262
3366
3138
4264
3968
500
1048
2144
1279
2926
3635
1315
3008
1393
4128
3580
3001
1318
742
3488
2672
2583
3290
3135
2492
4135
3758
4392
4000
1405
2787
1929
2546
3514
2805
2133
1634
3133
3264
3397
3310
3939
1006
3535
4187
4087
4070
957
4410
3730
2364
3115
3541
3007
663
2738
4181
3543
4323
2688
4028
3711
1046
1330
1644
3622
3648
3427
4514
1132
4478
4291
3219
3140
2498
1798
1057
1507
4058
405
2283
2804
4284
2126
2433
1476
1420
352
3465
1118
3744
1032
1637
2292
4402
17
4519
2020
3116
1811
3748
3261
4071
1978
1955
1973
2466
2970
619
1307
2014
3211
4041
1170
3232
2589
1935
4199
4294
61
2802
2902
3771
57
2478
3662
3528
3016
3246
3576
2897
4551
2818
2731
2384
2166
3298
3886
3039
329
2987
1755
2693
823
2065
4046
1384
4237
4553
4163
3891
248
2828
3971
3327
739
1472
3770
337
3267
4252
1558
833
2459
4451
1559
4493
3047
2709
1273
3794
3548
4394
1801
798
3458
2794
4178
3473
2758
2957
2190
2766
2889
3224
1663
2813
3551
1493
2769
2329
4340
3585
230
4017
2853
3756
656
3360
4418
4085
3945
2262
3865
2127
3833
3106
3849
371
1272
2378
2727
990
3579
2994
4021
4468
2128
3875
3903
4361
3933
3316
4569
3343
1806
1352
3332
3558
3600
3638
2940
3743
2808
3129
1951
1254
2200
4208
3472
2976
4443
4123
4344
4015
1739
1465
728
1949
4278
3309
799
3726
3639
4335
4110
2646
3608
3250
3757
2593
4374
4261
2391
1648
3838
4235
645
2763
908
3312
2170
3038
2423
1668
4100
4327
4200
4149
3356
4130
3596
4332
2395
3036
4387
4239
4497
4397
2704
1337
3634
2310
3920
3856
2055
1746
3745
2115
1160
3214
3915
4027
2340
4476
3910
3940
112
599
4141
3091
2953
2652
3855
2206
4389
3255
1000
1872
4386
2778
4539
4509
3591
3601
4382
521
4354
4353
4453
2860
3162
3486
2030
3841
4185
3142
3924
3089
3959
3306
3163
3721
3346
4138
2900
3233
3125
3659
1680
4545
2898
2323
197
638
2318
2125
2435
1215
1709
1726
3518
3532
2698
3519
4118
2873
4431
1388
2871
2106
4043
1255
2990
4012
3185
4282
3646
1438
3035
3831
2071
457
3628
4182
3257
1964
