4374
2538
1714
1489
2704
4151
3951
2990
4372
3214
3013
3748
4225
3525
1057
664
282
4494
1685
1903
4305
3781
3870
1308
1960
4411
3098
3324
4396
4460
3530
4198
3606
930
1507
4213
3089
3972
3462
3047
2646
4218
2172
2277
3190
1536
1237
3892
3058
3126
4299
4308
3880
2834
118
4528
3025
1901
4242
1933
4030
3625
1288
2125
4569
2154
88
3559
3443
3006
2509
3619
1631
3302
3007
1512
3532
2219
1759
3295
496
3417
3763
1891
4562
3950
3428
2132
4496
4566
3761
1999
2374
3607
331
2914
4469
457
3696
4231
1008
1558
2558
799
57
815
4499
4465
2663
3471
1384
3725
434
4145
1031
2833
3801
2850
2395
3494
2926
4188
3662
1636
4159
2185
3697
2399
2159
1426
2571
1421
3750
3319
3325
3087
2742
3900
3961
685
4422
2206
4018
2021
1881
3735
3732
3660
1662
749
3112
1692
4426
1956
4044
1739
3026
3552
1915
1027
1885
3980
4539
955
741
2933
2524
3434
4349
4397
2626
2186
2952
4032
790
4563
744
4057
2448
4142
2487
4511
1132
1680
1273
702
4288
1691
4497
3103
3733
4352
2800
3519
3920
614
1747
4167
4253
3246
3213
3268
4139
3610
2651
691
3341
2730
2948
4108
3390
1921
1798
187
4360
1992
857
4493
2016
908
736
3339
3564
2136
3279
4106
3425
3645
1439
1525
4283
2020
599
3940
4351
1682
177
3652
3217
4487
324
4205
3255
4095
2565
4491
1006
4474
3596
1696
266
2968
4514
4448
4155
2895
4533
4244
4501
4208
2385
3237
3568
4029
1117
1548
4464
3106
1603
3499
3084
2885
2706
1218
4568
3453
752
3469
3264
32
1628
1200
4103
3965
4157
197
2213
3249
548
1067
4292
1096
3814
2199
3167
2584
2259
3718
231
2588
59
1405
2402
353
4477
4516
3397
3984
3276
1827
3476
4161
247
4388
2090
3487
3554
3524
2635
3265
4050
3721
2805
4028
4182
3440
3991
4561
3251
2440
1350
4350
3867
352
2560
3714
4565
4053
2894
1097
704
2641
2167
3758
2044
3446
4090
2688
3753
3531
896
1673
2533
3367
3876
1862
4260
3389
4498
3771
2747
2178
3888
2959
3776
2009
4362
4438
3988
4031
3472
3151
2320
2467
3191
4051
445
4179
2108
1596
3427
3932
3143
1046
4249
3269
4342
3983
4437
3842
1957
3305
2867
3913
2789
4507
2975
2151
4556
4258
3099
2407
3196
3757
755
301
3290
2666
2254
3236
3277
3847
4325
905
762
30
4458
2708
3943
3399
1599
4247
4080
4131
2070
3585
2661
2836
4065
706
4545
366
4358
3919
1806
2974
2451
3398
2078
3576
4246
2813
2006
1594
4190
4134
4293
997
495
2289
3482
1789
4021
2063
844
1115
2689
4398
3767
2628
1472
1774
1128
3534
618
2101
3385
3464
3326
979
1533
4413
3391
3150
1757
2334
1427
3016
2400
1797
2478
4102
4452
3974
3485
631
2017
2301
4311
3318
661
1271
4116
4015
4294
3987
3356
2344
2843
4395
3560
1413
3113
3955
3589
913
1552
2940
3492
3411
2927
3734
3580
3791
4059
4332
2147
4482
4547
1090
2450
4356
2424
740
2657
2496
3879
3802
4530
3029
4094
4267
2002
3314
1431
3916
2846
1574
4526
2319
4463
3906
4120
4194
2928
4309
2364
1495
321
4524
3229
1889
4322
4284
3256
1563
87
3864
2282
1500
2356
3573
2183
881
2993
3537
4541
3431
3905
3785
1925
3641
3924
4553
2817
85
3539
3285
2828
3449
1179
3635
4186
771
2008
2077
949
4449
4199
4261
3145
4105
3021
2318
1967
2733
3119
967
2958
4301
3831
4166
4387
3613
3819
1928
4197
2479
1840
4329
2348
2568
3707
3683
621
2281
3975
4070
2284
4335
3543
3520
3796
4088
1312
4280
3628
823
3990
1269
4077
3535
1544
807
3716
1730
2583
3379
3942
3488
3348
2912
3480
2866
4485
3898
4431
3382
3139
3593
1283
3653
2482
2995
842
2658
3904
4323
2443
4048
3934
2042
2795
3296
3470
3833
3759
3159
4039
3548
3894
4488
2871
3342
2498
3912
4457
4492
4076
3484
825
3189
4175
2860
3303
1841
2636
1668
3498
703
3051
3375
1000
2937
2794
1142
3230
3160
4068
3600
990
3960
3794
2472
3502
3360
4066
1112
3368
4298
1940
4012
2126
2442
3252
2200
964
2756
4537
3211
4430
2504
4252
2196
988
1023
4376
3897
4529
2488
3967
1551
574
1170
2503
1160
2352
4454
2262
3194
3816
758
4367
2741
3514
2685
864
2116
3052
3772
1767
901
4466
2263
4297
34
1220
3233
3109
2904
1899
3179
4239
3994
3631
3651
4282
2551
4233
1337
2707
521
3380
3688
978
4223
3640
4173
2398
1017
4255
4115
4343
975
4129
1698
3122
3561
1042
4321
541
1787
2694
3298
1341
3017
4154
1653
4421
1626
3685
4364
3225
3754
4340
3147
2818
1811
3036
500
1909
3486
2921
4241
3043
1781
1032
4221
1796
2397
3004
3805
3354
4133
1614
3638
1499
3811
2902
3681
3163
3765
4127
1935
3617
1527
4518
4470
2664
2727
1035
2464
3373
2977
4136
4375
4064
3588
3101
1118
3405
222
2659
3837
2174
4416
4331
3327
2763
4174
665
3937
2357
3760
2087
3090
3699
3686
2760
3792
3522
2593
3169
4237
2715
2777
3343
1169
2328
1808
43
2804
4177
2961
2171
3835
2731
2127
357
4549
4336
4315
4444
1622
3784
2416
3008
3077
4171
3611
2852
2394
4546
4092
3442
3956
3120
2325
2425
3891
3131
1657
4222
3933
1868
916
3140
878
4505
3261
2435
2629
4150
3185
3918
405
2758
3810
4033
3655
3097
3039
3895
503
4118
793
3590
976
1998
3067
4381
4459
3441
972
2466
1366
1836
337
2148
4183
3447
4441
3968
953
4279
2346
2144
1206
2190
1266
1033
3541
3803
3370
2317
3597
3195
3959
932
2582
1837
4540
2630
2071
3184
2662
3695
1752
1284
1133
4355
4143
2525
4377
4112
3366
3979
4073
4517
3458
2175
3111
3723
4011
2572
4346
4058
3267
1966
2460
2120
2430
2622
3708
4302
1007
4479
3137
3450
3180
2209
2976
430
2751
4248
2574
2941
3863
3608
2785
1870
3547
3228
670
3173
3946
3070
911
3779
4495
3146
4168
3128
4515
4187
3832
4525
4399
2711
1465
3634
2314
2820
1709
3886
4234
2855
1648
2580
3592
2055
759
3118
3976
3808
3720
1531
1703
2468
2824
2157
3595
2413
1513
230
1315
3941
4047
2650
3679
2695
2873
4420
2686
2690
3749
3459
3856
4138
1917
1821
4206
2564
3706
3241
2745
3218
1978
959
4287
2043
1856
4220
2160
3594
2244
2878
1976
4513
3467
3899
3821
3612
1314
1670
4078
1244
3419
1929
3609
3206
3239
2612
2787
2806
2793
2027
2552
1553
2269
3583
2671
2521
3125
2541
1813
1760
1277
4137
2598
3963
2676
3997
2375
3986
3782
4538
3123
1897
3430
3350
2784
1383
1973
3165
2112
993
671
4333
3316
2615
3313
3773
770
2276
4359
3722
4291
4148
4020
3000
3578
4232
4401
4353
2418
3357
2556
2229
4559
3744
2638
4289
3400
1608
2038
656
1462
1402
2589
2908
4300
4405
4060
2909
3317
3927
3121
907
3433
2861
4393
129
1457
4378
4200
3713
4072
3694
2427
3528
4228
3783
3953
600
1517
1785
2911
470
1370
3177
4017
4303
3335
923
2437
3001
4440
3952
957
1983
1282
2065
3005
248
1799
2788
3624
4489
4483
3527
2293
1275
526
4074
4555
1637
3675
2575
3769
2825
3795
3875
4423
3780
3144
1744
2198
3491
2759
3572
995
1604
2881
4181
2954
654
4008
531
4266
133
2897
3703
3365
4274
3948
3663
619
3929
3038
3202
3738
3989
4434
4486
4551
4270
4125
1932
4567
3591
2717
3646
3565
3129
3452
4544
4379
3623
4354
3575
4026
4307
3853
1330
4202
4371
2366
2884
3018
2220
3627
1290
3756
4506
2786
2798
4383
3939
3945
3182
3636
3283
4391
2557
1422
3312
4429
1858
3078
2018
3731
2808
4269
4091
4456
2350
2821
3015
3127
598
1801
4386
839
2106
4534
3911
3630
594
488
2802
942
805
954
2378
4504
1719
3068
1638
4428
3910
4169
2879
2570
2500
3570
4153
833
4201
4041
2616
3615
4389
4550
2839
3903
3222
2735
2053
4552
3545
167
1671
3240
3297
4163
1433
2265
2700
2668
3935
3603
1632
3258
1265
3702
797
4056
3936
501
939
2953
3207
3962
880
2471
3587
3170
3540
4117
3815
2434
2341
2368
4185
2207
2520
3977
3345
2029
3201
2104
3742
2103
3134
3555
3797
1995
4384
476
3849
3135
2761
2197
3567
2865
4046
4146
2753
3412
4523
3877
669
3598
4380
3649
1639
3616
3227
4490
4432
3648
4144
3978
3926
1934
2823
1612
3949
520
3839
3197
4394
3162
4055
3865
3730
4025
1762
824
2396
1155
2907
58
1738
2766
3386
4061
4317
1295
1254
3851
3668
3384
3786
4259
2384
4224
3998
2734
814
1880
2297
4184
3188
3088
2094
4191
4357
3859
1407
820
2764
4285
2608
3669
3828
4370
3800
3212
2519
3562
3274
2295
3142
2109
3149
1782
2887
2280
4098
4204
2387
3369
3219
3925
1110
3340
1523
2296
4468
2542
3755
1602
2669
4010
4096
4093
2653
507
1053
3404
3882
3266
456
3181
3698
2606
751
1951
1912
3982
4400
4196
1352
4178
3347
3995
3743
3402
1408
3729
3838
1779
4210
1091
4040
2857
3124
4480
3429
3321
3010
3455
2619
3056
2135
3270
3439
2799
4212
2949
3401
3062
3739
1025
2569
3278
202
3085
493
3040
904
4408
3829
2323
4216
4126
4119
3549
3394
2916
764
3024
2677
2868
4049
722
1572
3566
4368
570
2271
4263
2085
742
3676
4278
4521
3041
3764
2780
4211
3817
3751
3509
2640
3012
3774
2639
4312
3445
3857
194
3175
1113
638
4414
4124
4130
4286
4535
1564
2208
2534
3966
1024
4158
466
1456
4227
1772
1252
2939
2674
2956
986
3678
2874
515
1294
4101
124
3577
2591
3432
1943
4087
1048
2892
1715
2452
2614
2807
3854
3215
3579
1878
1861
3704
2880
4229
3614
931
4140
3872
4250
1360
2014
4122
2168
4445
4439
2814
1989
4334
4508
4214
3944
4264
2889
3907
2331
2465
2738
4462
1645
4000
3715
798
1309
3908
1321
3260
4265
3970
4461
1871
3091
4442
663
3351
1322
4341
1755
4135
4548
1595
1831
2683
3788
2906
3667
1850
2585
4038
3813
3301
3665
4392
4081
1644
1438
2193
3719
1358
3152
1969
2401
1451
3224
2835
4345
556
2037
1964
4390
3985
3544
4217
834
3622
3626
112
4337
4318
4365
615
3728
2831
3071
1216
3893
4295
2278
2299
3172
3513
3871
848
4027
2681
2853
1879
4316
3238
3996
484
2782
3639
3664
1030
2778
4328
3672
2342
3790
3479
3693
3057
806
4104
4502
3710
4296
4165
4180
3954
3282
4484
3083
3917
2340
4019
1725
4189
4079
4382
1577
4410
1301
2481
3644
2544
1272
1386
2791
2986
3033
3687
3915
4037
2302
2767
4327
3740
2086
3633
2970
1285
3542
2634
1708
2414
1718
2292
42
3999
4209
2355
3692
4330
2996
2273
3701
1726
2528
1484
3242
4262
1832
2877
1300
3396
3538
4418
1452
4435
4141
3798
1873
3416
573
1286
4193
1650
4035
4024
3132
4203
3117
3508
3461
1875
4319
2719
4519
3510
3947
3155
1949
3114
4195
4100
3378
938
3210
4257
1665
4207
284
4097
404
3346
3852
2180
1853
1724
1550
3992
1415
2919
1667
1318
4156
4128
2170
2420
1041
1039
3806
4005
3711
2803
1063
4176
3536
1493
4149
3601
3136
2899
4450
3287
3424
3178
4147
645
3890
4110
3503
4162
4467
4271
4522
2762
3621
1896
4132
3465
2349
622
418
1388
2439
3381
2261
1307
233
3930
1900
4363
2769
4121
4268
1497
1020
4503
4366
2153
2680
2287
3075
1754
1230
3659
4425
3526
4554
2099
3883
3352
4543
2307
3505
3349
4557
2459
2506
3746
3840
3032
3902
1420
3658
3046
380
3650
924
4475
3115
4443
1526
329
3495
4313
3670
4500
1279
2138
3076
4013
2675
1333
4273
3364
728
1581
3586
1634
3192
3359
2698
4062
1521
2644
3331
1982
1107
2546
547
2554
1888
2994
4427
2792
2530
1890
3620
4472
3420
4419
2848
4314
2445
4160
4063
3841
240
4230
4407
4014
1919
2176
1887
2684
1270
3042
3770
2891
2514
4453
2129
1828
2637
3035
3395
2283
3741
2432
3496
1255
3475
4086
2486
3166
4109
2687
2830
2339
3073
4373
3107
1016
3682
3551
1954
568
4043
1077
78
2133
1860
1393
4532
4510
3232
3220
3257
3253
4447
4409
3474
1329
2765
4509
739
1642
3993
17
4238
4404
3280
3957
4215
3333
1812
3204
3931
3726
3745
3873
2327
2576
2772
2539
4272
3820
3002
4107
4164
3460
1141
3604
3463
4243
3533
1325
1768
2146
3438
1461
2930
3677
3789
2652
3736
3483
2046
3421
3618
3964
4254
1281
3727
2563
2744
4003
2114
1930
3518
2128
3281
3422
1582
1510
3186
3766
2819
2169
1872
3174
3574
4083
1238
2181
3322
2142
1364
2257
3812
4114
126
3250
2960
3822
4085
910
2870
1156
2177
3284
2438
2718
2720
3383
2632
3473
1490
2054
3914
3254
1804
3183
2030
2310
1460
3426
482
2869
2210
2286
2253
4245
4471
2973
4520
3315
3581
4290
4344
2845
3082
2072
2166
2162
2709
2699
746
2883
4113
3546
4436
3403
3299
2392
3844
2410
2748
3309
1955
2750
2274
2463
906
3437
4481
1764
61
4446
4476
3971
2124
2545
1694
1434
3868
4071
1029
2391
3517
3747
3558
371
2607
2495
2693
2501
4001
4512
4415
4478
4558
3928
1464
4304
849
3306
3777
3451
3654
3138
4192
4531
2477
4536
3778
4034
3307
1343
3550
4123
3363
4339
2618
3361
2115
3148
3884
2493
3836
4023
1292
2423
3371
2141
2433
698
3878
3336
2164
2900
3141
1538
3901
3605
3862
3690
3133
2957
2672
4455
2947
3521
2854
3323
2987
693
2377
2059
1663
2625
408
3304
2950
4385
3423
804
1559
4306
4451
4527
2863
2088
2214
2204
3158
4170
2345
2117
3245
1215
1441
3448
2898
2781
4226
3105
3830
2955
3691
2518
1476
368
3969
1567
1468
2670
2864
2492
2886
3584
2627
3310
3799
3468
4251
1398
1945
3809
2581
4560
1593
1302
4324
4361
4402
2796
4277
2337
4369
2540
2203
4089
1927
3825
2920
3023
3247
789
2985
883
3563
509
454
3885
2832
4036
3156
2429
3332
4172
2476
3855
3055
1656
4564
2143
1958
535
3456
3689
2041
1506
2329
2988
2737
4054
1924
2333
3116
3050
1746
2267
3413
4406
4235
3569
4310
2972
2256
4746
4923
3168
747
3783
5216
1714
102
5016
4151
5144
2989
5143
2844
892
1763
943
3110
4623
5178
5167
248
4946
5091
5158
5021
5291
4411
4894
2952
712
1210
1212
4891
576
1453
5208
4822
1246
2600
5217
2359
4681
5112
3911
4969
2373
1018
2755
5247
3126
4388
4829
4864
1299
3735
3703
3136
4976
5113
559
2140
4274
4724
5177
4781
4570
4663
3338
1338
4967
4962
1857
5065
998
5240
1738
4980
2990
5104
4858
2836
2219
5103
4997
5301
4588
4379
3623
4895
1597
608
5274
4855
5064
4562
4081
4689
4348
1263
3490
5193
480
1905
5133
4821
3567
1470
4472
5002
331
457
5186
4957
4907
2667
1423
5148
2251
4824
5202
172
3182
5270
5009
4820
5049
4676
4728
5071
4236
1282
5231
1761
1764
2684
5283
4827
1600
4575
4091
4963
5018
5038
2399
1627
5203
4800
5149
3208
4785
4802
5017
2048
4873
5034
4713
2417
488
1373
5007
227
5195
4710
4737
4670
5289
3026
2760
4601
4720
4815
1000
2060
4906
5043
4583
3406
4680
5060
1741
3353
2626
4589
485
4647
2205
2309
4624
4916
167
5050
2371
5227
3700
5123
1143
5084
5090
2487
5078
2559
501
5248
5228
4937
1849
4943
3519
4773
4039
4616
5176
5252
4836
1054
4886
4629
4986
3528
4819
4645
4716
566
4862
691
4780
5242
4861
1197
1921
1745
5101
4702
857
1689
4704
5070
4833
5028
3387
1711
4865
1669
669
4662
4991
2393
4693
1240
612
4964
4744
2841
4719
4805
3049
2233
5287
5000
4751
1362
4975
3231
3550
2547
5164
2713
5041
2339
4750
2247
5003
5234
1466
5096
4598
1093
5197
257
4708
5292
2385
3730
4093
4958
4783
5153
2968
5092
5005
5015
4617
2119
2868
2389
297
4593
3857
4631
5140
5165
627
1702
5013
902
777
1712
5286
5253
4842
4809
4974
4585
4826
4654
4989
5055
5211
4703
682
5182
2096
518
4688
616
1810
2386
1305
5019
3053
820
2697
4764
5126
4779
3684
1193
1136
4935
3149
4947
2898
183
4902
5302
4584
5130
1447
5031
5188
5004
4877
4905
5246
1320
4725
1205
4577
5275
4757
4889
1053
85
1500
4817
5057
2617
751
302
5244
2290
5082
2369
4760
5215
458
4582
3435
933
412
4951
293
5296
1440
4791
579
5210
3553
3638
4830
2929
3753
5012
174
5087
5029
2949
2981
5001
1545
2858
4731
235
5277
5173
3040
1621
1125
2237
2497
5095
4749
1304
4592
5174
1084
5068
4782
3843
4763
5124
5232
5243
4863
818
2752
1424
4690
4794
4890
583
1968
5225
1022
1483
4892
4845
5137
4700
5093
1611
3764
4792
3005
119
5027
4797
1734
4698
5212
745
854
3807
5145
2078
3964
5297
4673
4694
629
3720
4433
2090
4921
5135
2928
956
1086
1606
5276
4811
4867
5045
4771
1771
1389
3236
4948
5245
5294
3317
4868
868
2222
3820
5030
4925
4596
5109
5267
4790
4831
5114
4697
5300
970
5251
4747
4766
2338
2070
4996
4691
4759
2004
4602
285
4992
334
4776
3752
4804
4807
5166
1948
841
1099
1369
4818
2581
920
333
4246
1715
3009
2992
5108
4816
1486
861
727
4586
917
5025
4982
555
4718
4604
5047
5222
4961
5266
2303
4646
222
1135
4896
3860
323
5072
5206
4851
1786
2101
5136
502
5170
1869
763
1340
909
1004
5054
4848
4945
2485
1105
5076
4844
1222
1427
766
3833
4717
4729
3060
2620
2530
5280
4630
4852
2301
446
4620
5262
2806
2461
1831
1570
4938
1371
688
2780
4893
754
2343
5256
4956
778
2940
433
5141
562
4942
834
5094
4898
625
1348
4345
5285
756
5241
5142
4872
4211
2150
4884
4626
4739
1687
3081
5226
4636
5011
4591
2002
3805
314
3513
4010
354
4853
5118
5040
5100
4972
5085
2092
2380
2064
4968
5053
577
2782
5254
3662
4966
1942
753
5198
5154
1257
5032
1511
1087
4814
2282
5183
4709
4799
5079
190
1195
5035
4860
4922
1028
2486
3164
5139
173
675
1768
2201
4850
2890
5128
1475
1587
5236
4753
1148
5037
1020
1285
4643
4656
3065
891
4055
5260
4612
4869
5268
2489
2165
4823
479
5199
5105
2996
4977
4622
4978
4910
4637
2783
5157
1832
2376
4692
5036
2093
3396
3080
4685
5171
5288
525
5194
4953
4193
4280
4621
5089
2599
1544
3117
4754
3408
5008
800
1262
4919
2749
4998
3731
5122
737
1502
4880
2225
3346
2710
5056
4667
5086
3064
2776
649
1253
3419
5147
4632
4661
5185
5190
1674
4128
2170
4265
2288
2420
1041
2678
4801
4767
4970
4900
3834
4457
4492
2531
4625
1649
4933
3484
4175
2860
3303
4092
3216
4732
2636
1547
5204
4810
4930
703
499
5250
308
3921
4917
5022
2439
4597
1922
4540
3424
4202
5062
990
5237
4425
3416
4777
4832
4648
5061
2507
4682
2680
1065
4914
4918
2415
5120
1571
4658
5048
4628
856
2673
2045
5293
988
3858
392
4640
5233
574
580
5073
1775
5192
4611
1280
5181
4651
5107
1580
4660
2685
1974
4418
1675
4706
4784
5063
4840
4650
4579
4786
5099
3574
5281
3347
4768
5207
1291
1568
3045
2934
4613
726
4573
3244
5168
3332
4876
424
3380
4599
5278
4866
5098
5239
2682
903
4230
5161
4904
5102
4569
4775
2158
4994
4887
4652
4707
5249
2469
4952
5184
3042
1595
673
4825
4985
2514
5111
5127
3845
4837
3372
204
1590
4364
3147
1886
3355
4839
3036
4368
4572
1012
4655
4778
464
2133
4742
5172
791
1855
4664
1591
5209
4984
5159
4955
2367
3765
3253
5218
5033
4610
2765
1256
5077
5271
4644
609
5162
4834
4874
1867
4581
2517
108
109
4555
4999
2353
4002
5020
1111
684
5230
2809
1159
948
4272
4772
3235
5106
4721
5255
5069
2242
1435
5138
2076
2097
3537
2721
5042
4139
4633
223
4888
4004
1562
1842
1015
3410
5088
3421
3516
4712
5235
3727
4901
4743
2851
147
4012
4854
225
5201
4846
3642
4740
758
5026
4748
4666
2221
3541
3918
4789
3130
5273
3020
4879
1777
5125
557
4758
162
447
4915
5115
2202
1751
4614
4696
5039
4590
4939
4793
4606
4745
969
4099
4911
1173
3643
4835
2756
2572
1804
4571
4619
4677
4885
5259
5279
5261
1503
4638
2971
4971
5097
5052
4665
5119
5219
5155
5160
4736
4909
4882
4843
5156
2190
1289
3299
5129
5067
4734
852
973
5258
4649
1317
3356
4686
2750
701
5189
4034
1397
1736
2638
4932
5116
4603
3374
5046
596
238
4377
5257
5083
4639
4762
487
4642
5150
5284
5224
4965
5121
4695
5117
3454
319
4995
2291
5075
1428
5196
5200
5304
4787
4990
295
4715
5290
2543
4798
2406
4924
4634
4936
436
1823
497
3660
4576
5058
5044
4711
5110
1520
4959
4871
3361
3800
5298
5295
5066
401
3832
5263
3464
779
5051
5264
1490
1710
3578
3637
1417
3592
5010
4796
4735
4795
2587
1522
4535
2447
1538
5180
4981
4979
4319
3501
5187
4671
5134
3521
4354
425
3243
1219
2561
4878
4458
4988
5214
4414
1695
4987
5151
2856
2950
5272
2311
992
4897
513
5303
4220
4859
4856
1906
4687
2272
2345
5131
1847
5205
4908
4841
2456
1876
5238
2781
4578
4675
5191
4615
4949
5175
1469
2308
5220
4954
5163
4079
4627
4595
14
4912
4679
4770
2411
3803
2716
4950
5024
3809
4812
5221
4983
5081
4402
4580
5080
3203
4944
5269
2112
4788
2744
4875
5299
1697
4883
3161
3069
3362
4913
1643
2963
4040
1106
188
4733
4761
4828
2011
1822
4727
4808
1936
5169
3156
2429
2793
5213
1681
3620
4755
4838
980
4769
1207
4849
4993
5179
4870
1630
5229
1924
2446
5132
1769
386
5059
1172
3413
2482
4738
3038
4973
5223
4600
